1.494819803027423E+08	1.166705563891368E+07	1.676682073877752E+04
1.491789019868286E+08	1.453627399551048E+07	4.604481127135642E+04
1.488332677123796E+08	1.738683372109468E+07	7.397883431650512E+04
1.484443848566005E+08	2.022741951447760E+07	1.014403214013437E+05
1.480120787653095E+08	2.305953661096625E+07	1.286393014678713E+05
1.475363440444062E+08	2.588331576215631E+07	1.556568381515704E+05
1.470172531534696E+08	2.869841922241912E+07	1.825310279669594E+05
1.464549260747479E+08	3.150430698007936E+07	2.092807386282887E+05
1.458495164940003E+08	3.430033692131406E+07	2.359152422409113E+05
1.452012069400156E+08	3.708581442392358E+07	2.624382240373585E+05
1.445102151152454E+08	3.985990932116892E+07	2.888410246448256E+05
1.437767757482425E+08	4.262177691959508E+07	3.151126304295417E+05
1.430010508015201E+08	4.537090725821193E+07	3.413271346600503E+05
1.421834010595618E+08	4.810653884220488E+07	3.674732108707689E+05
1.413241232292266E+08	5.082788915134984E+07	3.934940433660410E+05
1.404235262162958E+08	5.353415868517269E+07	4.193796423641667E+05
1.394819618635713E+08	5.622466043498258E+07	4.451294770500027E+05
1.384997888452269E+08	5.889866048309223E+07	4.707378476631194E+05
1.374773844246671E+08	6.155543299255049E+07	4.961988616191037E+05
1.364151443303452E+08	6.419426237878782E+07	5.215065563722104E+05
1.353134819886758E+08	6.681444392602481E+07	5.466549227697477E+05
1.341728275076085E+08	6.941528384596556E+07	5.716378957803175E+05
1.329936279926411E+08	7.199610154066625E+07	5.964494270452000E+05
1.317763466796318E+08	7.455622980240211E+07	6.210834562751763E+05
1.305214617426856E+08	7.709501432439463E+07	6.455341708177887E+05
1.292294661136050E+08	7.961181658394207E+07	6.697961262341365E+05
1.279008659603615E+08	8.210601548051171E+07	6.938653167309463E+05
1.265361550430057E+08	8.457685611723879E+07	7.177211488798037E+05
1.251358367157708E+08	8.702367929978244E+07	7.413425912266858E+05
1.237003891614383E+08	8.944612859913152E+07	7.647695640513450E+05
1.222304922107865E+08	9.184362755682488E+07	7.879832881606556E+05
1.207267195973477E+08	9.421563046751721E+07	8.109749023014307E+05
1.191896503180653E+08	9.656160904537885E+07	8.337393435237706E+05
1.176198576393047E+08	9.888105323153016E+07	8.562716364077926E+05
1.160178362102844E+08	1.011734773504721E+08	8.785667965441644E+05
1.143843103095195E+08	1.034383958368309E+08	9.006205398642495E+05
1.127198938739371E+08	1.056753489135854E+08	9.224281717259362E+05
1.110252077497730E+08	1.078838948477511E+08	9.439857253365815E+05
1.093008794574914E+08	1.100636092720395E+08	9.652887406800687E+05
1.075475421163567E+08	1.122140857753659E+08	9.863332088635936E+05
1.057656267022498E+08	1.143349619905260E+08	1.007297731091522E+06
1.039555661357241E+08	1.164258924114713E+08	1.028364681504585E+06
1.021180070706616E+08	1.184865231389028E+08	1.049530568248488E+06
1.002535995289220E+08	1.205165176302507E+08	1.070791962794855E+06
9.836299656282067E+07	1.225155566342077E+08	1.092145328179814E+06
9.644685336803634E+07	1.244833380330909E+08	1.113587291742668E+06
9.450582834470887E+07	1.264195765224416E+08	1.135113251101829E+06
9.254077512277521E+07	1.283239783128233E+08	1.156545672598019E+06
9.055252571936728E+07	1.301963427701495E+08	1.177716665344290E+06
8.854176699107158E+07	1.320364275488577E+08	1.198604448139884E+06
8.650921384955311E+07	1.338438894753879E+08	1.219186529054672E+06
8.445551541534242E+07	1.356185360151940E+08	1.239463556094490E+06
8.238130209472509E+07	1.373602269838496E+08	1.259438236176766E+06
8.028722885145809E+07	1.390687920795310E+08	1.279108087600626E+06
7.817394847743230E+07	1.407440764834782E+08	1.298470783147916E+06
7.604211117583317E+07	1.423859406340242E+08	1.317524138778619E+06
7.389236409655845E+07	1.439942605829373E+08	1.336265993396431E+06
7.172535117473465E+07	1.455689254813333E+08	1.354694617588855E+06
6.954171254165433E+07	1.471098395982778E+08	1.372808281342961E+06
6.734208425646532E+07	1.486169212229326E+08	1.390605398024060E+06
6.512709796224821E+07	1.500901026669945E+08	1.408084617847130E+06
6.289738058723441E+07	1.515293297070157E+08	1.425244753453255E+06
6.065355195389059E+07	1.529345633574107E+08	1.442084126190931E+06
5.839622966363485E+07	1.543057725140707E+08	1.458601745637827E+06
5.612602350734494E+07	1.556429389216936E+08	1.474796345502518E+06
5.384345518594961E+07	1.569460656261362E+08	1.490668218553931E+06
5.154920606699114E+07	1.582151536767505E+08	1.506216230999656E+06
4.924387343363902E+07	1.594502214792834E+08	1.521439877797134E+06
4.692804426888878E+07	1.606512994417748E+08	1.536338803371400E+06
4.460229840561289E+07	1.618184275542893E+08	1.550912557586595E+06
4.226720894122133E+07	1.629516571818482E+08	1.565160878093481E+06
3.992334231033452E+07	1.640510490382479E+08	1.579083673975907E+06
3.757125790111884E+07	1.651166734782136E+08	1.592681025739923E+06
3.521150780454417E+07	1.661486105726132E+08	1.605953042813823E+06
3.284463688703530E+07	1.671469494522173E+08	1.618899964484759E+06
3.047118276088414E+07	1.681117884580464E+08	1.631522577903561E+06
2.809167520696658E+07	1.690432334022245E+08	1.643820847994238E+06
2.570663663722628E+07	1.699414001505908E+08	1.655795732726097E+06
2.331658161880871E+07	1.708064094467406E+08	1.667447301105440E+06
2.092201704981015E+07	1.716383905372958E+08	1.678776219577722E+06
1.852344233126795E+07	1.724374808014553E+08	1.689783173024483E+06
1.612134894756147E+07	1.732038240643822E+08	1.700468991048977E+06
1.371601072260810E+07	1.739375398602271E+08	1.711013412427157E+06
1.130768880659999E+07	1.746387527118568E+08	1.721599669297092E+06
8.896851237886261E+06	1.753076253007222E+08	1.732228781619214E+06
6.483958306586472E+06	1.759443260584435E+08	1.742901766053475E+06
4.069462547418808E+06	1.765490288845218E+08	1.753619639225222E+06
1.653808762658885E+06	1.771219129502867E+08	1.764383419772148E+06
-7.625659618104472E+05	1.776631624309702E+08	1.775194126562588E+06
-3.179232232656845E+06	1.781729662608115E+08	1.786052777557619E+06
-5.595750332235706E+06	1.786515206104831E+08	1.796945106053963E+06
-8.011621990219496E+06	1.790990173591142E+08	1.807795588362686E+06
-1.042654318461888E+07	1.795156250710397E+08	1.818687157896392E+06
-1.284011496198772E+07	1.799015493408848E+08	1.829620837911308E+06
-1.525194584242327E+07	1.802569994586636E+08	1.840597652024955E+06
-1.766165177053310E+07	1.805821881742684E+08	1.851618622186169E+06
-2.006885606134230E+07	1.808773314766813E+08	1.862684766703263E+06
-2.247317043485737E+07	1.811426528618679E+08	1.873781469798982E+06
-2.487410744413862E+07	1.813783921433883E+08	1.884802949635901E+06
-2.727145501773094E+07	1.815847240161837E+08	1.895863459301434E+06
-2.966486703472530E+07	1.817618749526626E+08	1.906965371776521E+06
-3.205400269446847E+07	1.819100743015642E+08	1.918109697552845E+06
-3.443850875159968E+07	1.820295594375996E+08	1.929281780270770E+06
-3.681795265291715E+07	1.821205819094066E+08	1.940394402768813E+06
-3.919213563050088E+07	1.821833249083890E+08	1.951542813380867E+06
-4.156074446905781E+07	1.822180253180911E+08	1.962728204806723E+06
-4.392347232911865E+07	1.822249216781263E+08	1.973951573582858E+06
-4.628001889625925E+07	1.822042539859734E+08	1.985213911716558E+06
-4.863009030376299E+07	1.821562635192087E+08	1.996516203989945E+06
-5.097339904477561E+07	1.820811927062117E+08	2.007859427757084E+06
-5.330954644317392E+07	1.819793293020965E+08	2.019150881164804E+06
-5.563796439752141E+07	1.818510257385936E+08	2.030159791359700E+06
-5.795836841528124E+07	1.816965315866411E+08	2.040876631243296E+06
-6.027049706042065E+07	1.815160929472892E+08	2.051302058495685E+06
-6.257425155365142E+07	1.813098850010734E+08	2.061559272558115E+06
-6.486963913164721E+07	1.810780378220471E+08	2.071848031750187E+06
-6.715641825001003E+07	1.808207967207440E+08	2.082172195163392E+06
-6.943432943837893E+07	1.805384179487182E+08	2.092517500425495E+06
-7.170283903910284E+07	1.802312847572939E+08	2.102654014932424E+06
-7.396161759845164E+07	1.798996903907672E+08	2.112505125652440E+06
-7.621044184253812E+07	1.795438825155534E+08	2.122071872301139E+06
-7.844923461586522E+07	1.791640162258682E+08	2.131473393227920E+06
-8.067802348636299E+07	1.787601801153347E+08	2.140911949995540E+06
-8.289658532878755E+07	1.783326314340308E+08	2.150375682235256E+06
-8.510460691699587E+07	1.778816812740972E+08	2.159770591858923E+06
-8.730201695890924E+07	1.774074817110212E+08	2.169199932335936E+06
-8.948862348349358E+07	1.769102779781151E+08	2.178665554897934E+06
-9.166423834564245E+07	1.763903153588971E+08	2.188168554413676E+06
-9.382867803077418E+07	1.758478386039180E+08	2.197710010814682E+06
-9.598176355104920E+07	1.752830919944686E+08	2.207290993690997E+06
-9.812329431923193E+07	1.746963375857348E+08	2.216891155515447E+06
-1.002530433860704E+08	1.740878450896163E+08	2.226441879219666E+06
-1.023709147993915E+08	1.734577843917606E+08	2.236036324148022E+06
-1.044767518984594E+08	1.728063977433236E+08	2.245661935020924E+06
-1.065703971951410E+08	1.721339259174609E+08	2.255319723585196E+06
-1.086516971902961E+08	1.714406095682483E+08	2.265010710232742E+06
-1.107205024424961E+08	1.707266873955879E+08	2.274735868941367E+06
-1.127766674182365E+08	1.699923970804195E+08	2.284496156954221E+06
-1.148199905605536E+08	1.692380195940729E+08	2.294243472755097E+06
-1.168503389174314E+08	1.684637593249013E+08	2.303975113231882E+06
-1.188676212614246E+08	1.676698108646973E+08	2.313724881283842E+06
-1.208717068995881E+08	1.668564080112389E+08	2.323493694131136E+06
-1.228624686660333E+08	1.660237834950275E+08	2.333282456977263E+06
-1.248397828496046E+08	1.651721690116577E+08	2.343092064453207E+06
-1.268035291301090E+08	1.643017950618675E+08	2.352923396484330E+06
-1.287535905090612E+08	1.634128910020925E+08	2.362777320340410E+06
-1.306898267273295E+08	1.625057088736866E+08	2.372634067324914E+06
-1.326118590465737E+08	1.615807168411036E+08	2.382285898280442E+06
-1.345195104188930E+08	1.606382020878197E+08	2.391679363786876E+06
-1.364128280184891E+08	1.596782345099846E+08	2.400927229900129E+06
-1.382919099691518E+08	1.587008325206934E+08	2.410177110243082E+06
-1.401566588285289E+08	1.577062172043534E+08	2.419430522830129E+06
-1.420069535544144E+08	1.566946355934604E+08	2.428669472570226E+06
-1.438425809522043E+08	1.556664190184304E+08	2.437803008783817E+06
-1.456635851864492E+08	1.546216307286752E+08	2.446926141626179E+06
-1.474698807274176E+08	1.535604858604287E+08	2.456040895149633E+06
-1.492613829861306E+08	1.524832001466818E+08	2.465148084631138E+06
-1.510380099549049E+08	1.513899880826567E+08	2.474248516273633E+06
-1.527996821497468E+08	1.502810628677936E+08	2.483342985886440E+06
-1.545463208475522E+08	1.491566383235154E+08	2.492431054131821E+06
-1.562777588453822E+08	1.480170172692946E+08	2.501444926645011E+06
-1.579940005141264E+08	1.468623020283384E+08	2.510435190602623E+06
-1.596949816964116E+08	1.456926936218750E+08	2.519406549032338E+06
-1.613806347746041E+08	1.445083987570433E+08	2.528359752538159E+06
-1.630508943522296E+08	1.433096228901649E+08	2.537295542925306E+06
-1.647056318200102E+08	1.420966455038810E+08	2.546168607809231E+06
-1.663448007603026E+08	1.408696241821031E+08	2.554983749550484E+06
-1.679683790725073E+08	1.396287104357072E+08	2.563765977169409E+06
-1.695763097906553E+08	1.383741044794478E+08	2.572516001044989E+06
-1.711685379476505E+08	1.371060052443221E+08	2.581234523968786E+06
-1.727450105336276E+08	1.358246103939406E+08	2.589922241286077E+06
-1.743056764562221E+08	1.345301163312106E+08	2.598579840855084E+06
-1.758504779659623E+08	1.332227295141332E+08	2.607202311273575E+06
-1.773792860878459E+08	1.319027332816331E+08	2.615732119876750E+06
-1.788921284452143E+08	1.305701989333529E+08	2.624213719015405E+06
-1.803889617080663E+08	1.292253170234135E+08	2.632648084533006E+06
-1.818697437663494E+08	1.278682776002154E+08	2.641035869570978E+06
-1.833344342053348E+08	1.264992695103847E+08	2.649377721995763E+06
-1.847829942612427E+08	1.251184803832484E+08	2.657674283585802E+06
-1.862153746140261E+08	1.237261144797955E+08	2.665918435349509E+06
-1.876314441806128E+08	1.223224796069895E+08	2.674046125985451E+06
-1.890312577892051E+08	1.209076022888520E+08	2.682107557199754E+06
-1.904147837731369E+08	1.194816629677118E+08	2.690105181467526E+06
-1.917819911124671E+08	1.180448431554399E+08	2.698039611943580E+06
-1.931328502422527E+08	1.165973231824515E+08	2.705911456859082E+06
-1.944673330086211E+08	1.151392821616698E+08	2.713721319205523E+06
-1.957854069337654E+08	1.136709073687264E+08	2.721466337598242E+06
-1.970868592348987E+08	1.121926819107206E+08	2.729033782990776E+06
-1.983715752510279E+08	1.107049298254001E+08	2.736369490649939E+06
-1.996395322041910E+08	1.092078256262463E+08	2.743474024031103E+06
-2.008907086000443E+08	1.077015426473209E+08	2.750347959137969E+06
-2.021250842063794E+08	1.061862530901557E+08	2.756991881408229E+06
-2.033426399822879E+08	1.046621283535636E+08	2.763406336973563E+06
-2.045433582447801E+08	1.031293378370624E+08	2.769591988805234E+06
-2.057272226972224E+08	1.015880512779678E+08	2.775549497344635E+06
-2.068942183032713E+08	1.000384376457940E+08	2.781279538780235E+06
-2.080443297366536E+08	9.848066024618316E+07	2.786782619681478E+06
-2.091775439421235E+08	9.691488456212662E+07	2.792059362986766E+06
-2.102938488211901E+08	9.534127498260677E+07	2.797110409743167E+06
-2.113932336451722E+08	9.375999486857858E+07	2.801936423074074E+06
-2.124756884327393E+08	9.217120632471047E+07	2.806538055924457E+06
-2.135412891824788E+08	9.057481778012089E+07	2.810976809944913E+06
-2.145901197617285E+08	8.897071482356957E+07	2.815318486112598E+06
-2.156221731933695E+08	8.735905613578074E+07	2.819563790772773E+06
-2.166374433822284E+08	8.573999949281560E+07	2.823713405849714E+06
-2.176359251466415E+08	8.411370168874483E+07	2.827768009205528E+06
-2.186176141887337E+08	8.248031852263325E+07	2.831728274080802E+06
-2.195825070821660E+08	8.084000482008934E+07	2.835594869339898E+06
-2.205305601304322E+08	7.919302807294950E+07	2.839337392821398E+06
-2.214617780782166E+08	7.753947282451439E+07	2.842949663495250E+06
-2.223761769281509E+08	7.587943290660764E+07	2.846442409429990E+06
-2.232737565460757E+08	7.421305930309203E+07	2.849816279565245E+06
-2.241545175942206E+08	7.254050209169161E+07	2.853071920614637E+06
-2.250184615155817E+08	7.086191045072137E+07	2.856209977161147E+06
-2.258655839215828E+08	6.917745499711496E+07	2.859227026586123E+06
-2.266958441611930E+08	6.748739087778984E+07	2.862089524232667E+06
-2.275092750532293E+08	6.579172615960820E+07	2.864808388961516E+06
-2.283058810172809E+08	6.409060651059940E+07	2.867384256541096E+06
-2.290856671966945E+08	6.238417677435426E+07	2.869817762666207E+06
-2.298486377615298E+08	6.067258201954840E+07	2.872120428540509E+06
-2.305948024164852E+08	5.895596342083845E+07	2.874272488144595E+06
-2.313241473270980E+08	5.723454102372728E+07	2.876274130634256E+06
-2.320366463573462E+08	5.550853960320979E+07	2.878097921257090E+06
-2.327323415946557E+08	5.377793193193804E+07	2.879753854142312E+06
-2.334112421618689E+08	5.204285792186277E+07	2.881242559535045E+06
-2.340733577900631E+08	5.030345668532924E+07	2.882564668544181E+06
-2.347186988714471E+08	4.855986662194733E+07	2.883720814543184E+06
-2.353472763829454E+08	4.681222534877896E+07	2.884711631837448E+06
-2.359590911457701E+08	4.506071960595082E+07	2.885533990557950E+06
-2.365540666339939E+08	4.330590148983083E+07	2.886157202258617E+06
-2.371321962970485E+08	4.154800002293832E+07	2.886574912756151E+06
-2.376935698214749E+08	3.978686071085588E+07	2.886798543406799E+06
-2.382382709706562E+08	3.802235208914386E+07	2.886838295127174E+06
-2.387663141611596E+08	3.625460732550323E+07	2.886694810862297E+06
-2.392777143555028E+08	3.448375889910433E+07	2.886368736023070E+06
-2.397724870126968E+08	3.270993876172349E+07	2.885860712723346E+06
-2.402506039063895E+08	3.093341548775147E+07	2.885157387585497E+06
-2.407120943047256E+08	2.915419526894594E+07	2.884241587261928E+06
-2.411569793832078E+08	2.737238860727066E+07	2.883113592786251E+06
-2.415852767102396E+08	2.558812467055013E+07	2.881774059086632E+06
-2.419970043629819E+08	2.380153200201073E+07	2.880223645448294E+06
-2.423921809160967E+08	2.201273852434665E+07	2.878463015415085E+06
-2.427708254166041E+08	2.022187153078832E+07	2.876492836571933E+06
-2.431329495034015E+08	1.842909429603961E+07	2.874314409708295E+06
-2.434785384469004E+08	1.663461799560878E+07	2.871911507393320E+06
-2.438076275255453E+08	1.483844212680072E+07	2.869268864211223E+06
-2.441202376444575E+08	1.304069157661545E+07	2.866387159233063E+06
-2.444163901706479E+08	1.124149066259158E+07	2.863267077830961E+06
-2.446961061618743E+08	9.440965025944028E+06	2.859909838272954E+06
-2.449594090547629E+08	7.639239569184437E+06	2.856314398497678E+06
-2.452062809615358E+08	5.836630736350223E+06	2.852489584786761E+06
-2.454367554897594E+08	4.033079993483843E+06	2.848401662812892E+06
-2.456508580445459E+08	2.228692781869194E+06	2.844049284921187E+06
-2.458486126348548E+08	4.235901453591237E+05	2.839433169016146E+06
-2.460300436866967E+08	-1.382107392851229E+06	2.834554039128384E+06
-2.461951760433806E+08	-3.188279820616787E+06	2.829412626721812E+06
-2.463440344224428E+08	-4.994802754649322E+06	2.824010305071678E+06
-2.464766182112350E+08	-6.801410732774092E+06	2.818354593550960E+06
-2.465929526793836E+08	-8.608128133495301E+06	2.812406342534144E+06
-2.466930647573357E+08	-1.041484371834228E+07	2.806165032377104E+06
-2.467769813230804E+08	-1.222143991666332E+07	2.799631428609406E+06
-2.468447296796248E+08	-1.402779960496465E+07	2.792806306904448E+06
-2.468963375058003E+08	-1.583380612957783E+07	2.785690452059994E+06
-2.469318296040129E+08	-1.763929262738898E+07	2.778294287731066E+06
-2.469512071952891E+08	-1.944372152337878E+07	2.770698802194935E+06
-2.469544929754611E+08	-2.124688672960128E+07	2.762921991116411E+06
-2.469417125423512E+08	-2.304901532555632E+07	2.754895346583353E+06
-2.469128936111730E+08	-2.485021525329439E+07	2.746574790187943E+06
-2.468680662185140E+08	-2.665037256274924E+07	2.737961142052151E+06
-2.468072607432721E+08	-2.844937367016292E+07	2.729055243933764E+06
-2.467305081126249E+08	-3.024708179441439E+07	2.719862717548624E+06
-2.466378302831964E+08	-3.204326354077476E+07	2.710388876871025E+06
-2.465292477543014E+08	-3.383794116287557E+07	2.700587821215238E+06
-2.464047923800891E+08	-3.563100273290829E+07	2.690460407239418E+06
-2.462644963683553E+08	-3.742233661213845E+07	2.680007525780702E+06
-2.461083923047139E+08	-3.921183152089181E+07	2.669230081096338E+06
-2.459365131277267E+08	-4.099937656584029E+07	2.658128985228313E+06
-2.457488921370916E+08	-4.278486118998171E+07	2.646705167230817E+06
-2.455455635504339E+08	-4.456816301344337E+07	2.634962890994167E+06
-2.453265534632212E+08	-4.634899752473253E+07	2.622937714488413E+06
-2.450918623142034E+08	-4.812742175189806E+07	2.610563063714530E+06
-2.448415241313272E+08	-4.990333258617804E+07	2.597837882238923E+06
-2.445755740632794E+08	-5.167662116225555E+07	2.584763153684624E+06
-2.442940476063243E+08	-5.344717894586718E+07	2.571339873652998E+06
-2.439969834235403E+08	-5.521487441023206E+07	2.557576918603968E+06
-2.436844221758502E+08	-5.697948222763046E+07	2.543495401274946E+06
-2.433563756911283E+08	-5.874102088495816E+07	2.529034971160151E+06
-2.430128808911972E+08	-6.049938316784015E+07	2.514196645810608E+06
-2.426539750837501E+08	-6.225446207192001E+07	2.498981487331718E+06
-2.422796959386593E+08	-6.400615087933344E+07	2.483390574497275E+06
-2.418900814540461E+08	-6.575434316907650E+07	2.467425000324532E+06
-2.414851734882369E+08	-6.749891072045967E+07	2.451094915823858E+06
-2.410650219967625E+08	-6.923961162677258E+07	2.434438991247378E+06
-2.406296323264391E+08	-7.097648084141392E+07	2.417380374274459E+06
-2.401790438685566E+08	-7.270941342305952E+07	2.399920034908768E+06
-2.397132977480354E+08	-7.443831127505986E+07	2.382068794492126E+06
-2.392324317964179E+08	-7.616305735304143E+07	2.363809399805319E+06
-2.387364875793942E+08	-7.788355220066832E+07	2.345151636524204E+06
-2.382255082355974E+08	-7.959968054583384E+07	2.326102033030372E+06
-2.376996034998621E+08	-8.131099524495885E+07	2.306827578654200E+06
-2.371588465432533E+08	-8.301723548764785E+07	2.287405917353459E+06
-2.366031895014108E+08	-8.471861300604701E+07	2.267674252399139E+06
-2.360326238396314E+08	-8.641520467693105E+07	2.247540274014443E+06
-2.354471923142282E+08	-8.810690737185626E+07	2.227005265454296E+06
-2.348469380628541E+08	-8.979361819224943E+07	2.206070522938214E+06
-2.342319103060601E+08	-9.147521438326383E+07	2.184747791806061E+06
-2.336021905276126E+08	-9.315142829779285E+07	2.163109032084163E+06
-2.329577631876924E+08	-9.482231899902704E+07	2.141048634719953E+06
-2.322986718734114E+08	-9.648778773234996E+07	2.118565989337385E+06
-2.316249616446556E+08	-9.814773262794293E+07	2.095662479886748E+06
-2.309366779761674E+08	-9.980205198817061E+07	2.072339521620929E+06
-2.302338667457839E+08	-1.014506443236734E+08	2.048598540410057E+06
-2.295165758698440E+08	-1.030934032993625E+08	2.024443997942895E+06
-2.287848858321121E+08	-1.047300969899731E+08	1.999940277586326E+06
-2.280387924700027E+08	-1.063607320318123E+08	1.974999085482970E+06
-2.272783415353751E+08	-1.079852121032584E+08	1.949618883204415E+06
-2.265035808914847E+08	-1.096034366105822E+08	1.923801199048646E+06
-2.257145588497297E+08	-1.112153051265817E+08	1.897547586324900E+06
-2.249113241151440E+08	-1.128207173863331E+08	1.870859622906543E+06
-2.240939347040270E+08	-1.144195502403593E+08	1.843754765410140E+06
-2.232624729938726E+08	-1.160115881784275E+08	1.816294857198983E+06
-2.224169322086953E+08	-1.175968465590838E+08	1.788382489895172E+06
-2.215573627100050E+08	-1.191752258147884E+08	1.760019284238338E+06
-2.206838153014315E+08	-1.207466264776990E+08	1.731206923057385E+06
-2.197963412378949E+08	-1.223109492228786E+08	1.701947118743315E+06
-2.188949922375288E+08	-1.238680948702582E+08	1.672241611139245E+06
-2.179798400859260E+08	-1.254179183556604E+08	1.642126939326718E+06
-2.170509435721793E+08	-1.269602705322235E+08	1.611617944828175E+06
-2.161083165116947E+08	-1.284951254022693E+08	1.580648261577033E+06
-2.151520123713450E+08	-1.300223843585097E+08	1.549219713623263E+06
-2.141820850835840E+08	-1.315419489152378E+08	1.517334161550388E+06
-2.131985890591170E+08	-1.330537207288423E+08	1.484993487276278E+06
-2.122015791548165E+08	-1.345576015795345E+08	1.452199601863325E+06
-2.111911201625855E+08	-1.360534742267782E+08	1.418971027072996E+06
-2.101674150991998E+08	-1.375409458892017E+08	1.385566270401821E+06
-2.091305707156976E+08	-1.390198184257154E+08	1.352074894421555E+06
-2.080805415309905E+08	-1.404901603151022E+08	1.318344953455806E+06
-2.070172456976202E+08	-1.419520987141218E+08	1.284170957017183E+06
-2.059407401686667E+08	-1.434055374379428E+08	1.249553785259388E+06
-2.048510831481809E+08	-1.448503791699199E+08	1.214495486049943E+06
-2.037483464621309E+08	-1.462865053766927E+08	1.179017777109876E+06
-2.026326286537430E+08	-1.477137383480492E+08	1.143178016076170E+06
-2.015039302374900E+08	-1.491320634564702E+08	1.106886585492417E+06
-2.003623114350641E+08	-1.505413838446151E+08	1.070145629988685E+06
-1.992078330187677E+08	-1.519416027581685E+08	1.032957335422188E+06
-1.980405562662109E+08	-1.533326235375994E+08	9.953239221743420E+05
-1.968605429707187E+08	-1.547143496318914E+08	9.572476351723745E+05
-1.956678667979397E+08	-1.560866675967063E+08	9.187480314134210E+05
-1.944626475567704E+08	-1.574493808615625E+08	8.799108719003275E+05
-1.932448737479159E+08	-1.588024903587230E+08	8.406207462784648E+05
-1.920146102758765E+08	-1.601458972810771E+08	8.008808687040806E+05
-1.907719214225562E+08	-1.614795063348360E+08	7.606933605372235E+05
-1.895168723014832E+08	-1.628032216031849E+08	7.200606470929831E+05
-1.882495348895801E+08	-1.641169385965221E+08	6.789949555113986E+05
-1.869700331124844E+08	-1.654204687829148E+08	6.375851355013922E+05
-1.856783651486541E+08	-1.667137950184921E+08	5.957228871089071E+05
-1.843745978854767E+08	-1.679968225270506E+08	5.534098761775196E+05
-1.830587993543275E+08	-1.692694559202834E+08	5.106486825616360E+05
-1.817310382057472E+08	-1.705315999203547E+08	4.674419223861843E+05
-1.803913836755543E+08	-1.717831593452419E+08	4.237922450570241E+05
-1.790399056236434E+08	-1.730240391176883E+08	3.797023392414376E+05
-1.776766904795178E+08	-1.742541236827780E+08	3.351999988838509E+05
-1.763018611610751E+08	-1.754732347737346E+08	2.903660971589461E+05
-1.749154168893814E+08	-1.766813594022516E+08	2.450873258445859E+05
-1.735174300261318E+08	-1.778784029098749E+08	1.993665132061392E+05
-1.721079735813450E+08	-1.790642707660244E+08	1.532065115709975E+05
-1.706871212240577E+08	-1.802388685526375E+08	1.066102122605965E+05
-1.692549472815320E+08	-1.814021019587708E+08	5.958054786609858E+04
-1.678115444010394E+08	-1.825538561318862E+08	1.214880326176435E+04
-1.663571832503209E+08	-1.836938101141233E+08	-3.536987412510067E+04
-1.648919943694893E+08	-1.848218077741241E+08	-8.288623083239794E+04
-1.634160549824273E+08	-1.859377552255793E+08	-1.303971655155867E+05
-1.619294431132072E+08	-1.870415586715549E+08	-1.778995660616457E+05
-1.604321072850818E+08	-1.881332545954767E+08	-2.255951717483699E+05
-1.589239894262646E+08	-1.892128875608142E+08	-2.736970476808697E+05
-1.574052516028737E+08	-1.902802759639634E+08	-3.220773252003342E+05
-1.558758832108582E+08	-1.913354110652097E+08	-3.708837648138553E+05
-1.543359644714833E+08	-1.923782008647887E+08	-4.201148507123441E+05
-1.527855773605932E+08	-1.934085525010299E+08	-4.697673667699099E+05
-1.512248045989449E+08	-1.944263732533499E+08	-5.198380581078529E+05
-1.496537296804103E+08	-1.954315705594081E+08	-5.703236288627088E+05
-1.480724368552386E+08	-1.964240519986240E+08	-6.212207435657680E+05
-1.464810210245931E+08	-1.974037157981414E+08	-6.725099794029444E+05
-1.448796256056586E+08	-1.983704034520092E+08	-7.240970758012235E+05
-1.432682660939104E+08	-1.993240798000506E+08	-7.760967743089646E+05
-1.416470297996653E+08	-2.002646530868315E+08	-8.285056676673740E+05
-1.400160048909498E+08	-2.011920316674200E+08	-8.813202092648894E+05
-1.383752803591536E+08	-2.021061240782104E+08	-9.345368094310015E+05
-1.367249460080602E+08	-2.030068390198025E+08	-9.881518324918002E+05
-1.350650924677310E+08	-2.038940853671809E+08	-1.042161597399384E+06
-1.333958311070266E+08	-2.047677546655622E+08	-1.096529790795624E+06
-1.317173093809525E+08	-2.056276971634332E+08	-1.151162144408897E+06
-1.300295431008701E+08	-2.064738827941637E+08	-1.206181328540727E+06
-1.283326262253811E+08	-2.073062211539287E+08	-1.261585758910075E+06
-1.266266536100438E+08	-2.081246220399174E+08	-1.317371532687619E+06
-1.249117209699962E+08	-2.089289954273784E+08	-1.373534692484900E+06
-1.231879453541904E+08	-2.097192347736974E+08	-1.430037737067401E+06
-1.214554842244884E+08	-2.104951806662236E+08	-1.486802811954051E+06
-1.197143672003207E+08	-2.112567830596098E+08	-1.543958628888473E+06
-1.179646936465814E+08	-2.120039529689632E+08	-1.601501124538079E+06
-1.162065645335568E+08	-2.127366012491302E+08	-1.659425006527185E+06
-1.144402348027613E+08	-2.134545345625517E+08	-1.717448284407079E+06
-1.126659254254661E+08	-2.141575844284235E+08	-1.775351793352261E+06
-1.108837395550639E+08	-2.148456627738259E+08	-1.833131171632111E+06
-1.090937814641313E+08	-2.155186819290777E+08	-1.890782039345294E+06
-1.072961560779272E+08	-2.161765531931144E+08	-1.948299914991587E+06
-1.054909693183828E+08	-2.168191903364975E+08	-2.005680469993591E+06
-1.036783282486189E+08	-2.174465065584462E+08	-2.062919276271135E+06
-1.018583406946129E+08	-2.180584151225557E+08	-2.120011886926547E+06
-1.000311174346213E+08	-2.186548285300930E+08	-2.176953208930984E+06
-9.819676520498022E+07	-2.192356629100569E+08	-2.233739851396859E+06
-9.635539625509942E+07	-2.198008317759928E+08	-2.290366873461187E+06
-9.450712232324862E+07	-2.203502496526865E+08	-2.346829741001487E+06
-9.265205641633567E+07	-2.208838316698841E+08	-2.403123943816334E+06
-9.079031244354244E+07	-2.214014931989551E+08	-2.459244932070628E+06
-8.892200521936895E+07	-2.219031498554760E+08	-2.515188115301222E+06
-8.704725083694352E+07	-2.223887178671113E+08	-2.570948933219448E+06
-8.516616632021251E+07	-2.228581137244079E+08	-2.626522783968091E+06
-8.327886962684181E+07	-2.233112541833919E+08	-2.681905023052379E+06
-8.138548000533974E+07	-2.237480566701966E+08	-2.737091022250175E+06
-7.948611765643758E+07	-2.241684388571064E+08	-2.792076123599827E+06
-7.758087994573550E+07	-2.245722985890911E+08	-2.846815841410726E+06
-7.566991152642444E+07	-2.249595733431645E+08	-2.901342432521999E+06
-7.375333747569850E+07	-2.253301833249052E+08	-2.955654059049919E+06
-7.183128239647545E+07	-2.256840479777254E+08	-3.009746000256762E+06
-6.990387214792363E+07	-2.260210873680122E+08	-3.063613515581697E+06
-6.797123358267112E+07	-2.263412218867198E+08	-3.117251849606633E+06
-6.603349454935040E+07	-2.266443722542190E+08	-3.170656232217491E+06
-6.409078424422510E+07	-2.269304599077184E+08	-3.223821878853932E+06
-6.214323308489799E+07	-2.271994068584358E+08	-3.276743993397072E+06
-6.019097233464645E+07	-2.274511353648508E+08	-3.329417735515043E+06
-5.823413464282950E+07	-2.276855684278890E+08	-3.381838263892815E+06
-5.627285405608813E+07	-2.279026299143715E+08	-3.434000719162524E+06
-5.430726531421643E+07	-2.281022435420225E+08	-3.485900227534652E+06
-5.233750463147673E+07	-2.282843340158246E+08	-3.537531895504117E+06
-5.036370956813857E+07	-2.284488269085707E+08	-3.588890797581419E+06
-4.838601858416483E+07	-2.285956477816809E+08	-3.639972026957750E+06
-4.640457156411235E+07	-2.287247232210424E+08	-3.690770632747293E+06
-4.441950968823602E+07	-2.288359805881274E+08	-3.741281630513266E+06
-4.243097516149990E+07	-2.289293474296894E+08	-3.791500081169114E+06
-4.043911156633959E+07	-2.290047522403054E+08	-3.841420994120032E+06
-3.844406374558777E+07	-2.290621242067735E+08	-3.891039362766430E+06
-3.644597781103701E+07	-2.291013933323141E+08	-3.940350060298204E+06
-3.444500115132324E+07	-2.291224902417460E+08	-3.989348046208352E+06
-3.244128239303323E+07	-2.291253462651272E+08	-4.038028322699457E+06
-3.043497154595406E+07	-2.291098934643358E+08	-4.086385866988063E+06
-2.842621988290239E+07	-2.290760647411917E+08	-4.134415599770606E+06
-2.641517998138797E+07	-2.290237938034191E+08	-4.182112422037184E+06
-2.440200573575678E+07	-2.289530151768502E+08	-4.229471220062658E+06
-2.238685212811151E+07	-2.288636646908207E+08	-4.276486774210304E+06
-2.036987594480049E+07	-2.287556781023778E+08	-4.323154033046335E+06
-1.835123505870204E+07	-2.286289925484164E+08	-4.369467835408941E+06
-1.633108859318257E+07	-2.284835462778317E+08	-4.415422979149401E+06
-1.430959726896729E+07	-2.283192779144046E+08	-4.461014317713097E+06
-1.228692301118335E+07	-2.281361273596917E+08	-4.506236649448022E+06
-1.026322898184303E+07	-2.279340357121934E+08	-4.551084734453037E+06
-8.238680050399287E+06	-2.277129444524061E+08	-4.595553385508701E+06
-6.213442260057129E+06	-2.274727964359948E+08	-4.639637365209028E+06
-4.187682901310297E+06	-2.272135357806019E+08	-4.683331408867568E+06
-2.161571011785018E+06	-2.269351070617754E+08	-4.726630279857323E+06
-1.352768350936598E+05	-2.266374562525251E+08	-4.769528709127471E+06
1.891028005465350E+06	-2.263205304876176E+08	-4.812021421410918E+06
3.917170599508193E+06	-2.259842783414843E+08	-4.854103155229032E+06
5.942976314893193E+06	-2.256286487647581E+08	-4.895768584244683E+06
7.968269266260476E+06	-2.252535924809653E+08	-4.937012442949891E+06
9.992872151997073E+06	-2.248590609927252E+08	-4.977829361089364E+06
1.201660626037251E+07	-2.244450073179279E+08	-5.018214020623788E+06
1.403929150696300E+07	-2.240113859148086E+08	-5.058161125099197E+06
1.606074620702000E+07	-2.235581519742764E+08	-5.097665282350644E+06
1.808078740558556E+07	-2.230852624787273E+08	-5.136721176589623E+06
2.009923061468874E+07	-2.225926755177572E+08	-5.175323440778181E+06
2.211588987093784E+07	-2.220803504632671E+08	-5.213466685948581E+06
2.413057789490123E+07	-2.215482483970760E+08	-5.251145571760073E+06
2.614310588522646E+07	-2.209963316358914E+08	-5.288354723996371E+06
2.815328351236010E+07	-2.204245637495448E+08	-5.325088733671859E+06
3.016091913075915E+07	-2.198329100653047E+08	-5.361342221773177E+06
3.216581970385107E+07	-2.192213375106605E+08	-5.397109810542867E+06
3.416779043676267E+07	-2.185898140941537E+08	-5.432386095623389E+06
3.616663529432821E+07	-2.179383097158026E+08	-5.467165682484761E+06
3.816215689803782E+07	-2.172667960481719E+08	-5.501443169352561E+06
4.015415606943759E+07	-2.165752458659408E+08	-5.535213168867379E+06
4.214243235614334E+07	-2.158636338850987E+08	-5.568470284164250E+06
4.412678409077810E+07	-2.151319368409195E+08	-5.601209107605666E+06
4.610700764546221E+07	-2.143801325082160E+08	-5.633424253071919E+06
4.808289822516991E+07	-2.136082007912663E+08	-5.665110325991422E+06
5.005424966749141E+07	-2.128161234681817E+08	-5.696261935300037E+06
5.202085396667127E+07	-2.120038837215956E+08	-5.726873684071049E+06
5.398250192148855E+07	-2.111714668652225E+08	-5.756940190146878E+06
5.593898284422827E+07	-2.103188600508088E+08	-5.786456074141264E+06
5.789008431870089E+07	-2.094460519883006E+08	-5.815415934348837E+06
5.983559266765107E+07	-2.085530335847592E+08	-5.843814407015666E+06
6.177529259561616E+07	-2.076397975093075E+08	-5.871646115585268E+06
6.370896709811829E+07	-2.067063381079707E+08	-5.898905658659965E+06
6.563639775193894E+07	-2.057526518257191E+08	-5.925587670319572E+06
6.755736454053591E+07	-2.047787370158457E+08	-5.951686796587422E+06
6.947164539726579E+07	-2.037845934137285E+08	-5.977197616224438E+06
7.137901666980599E+07	-2.027702227411855E+08	-6.002114744499177E+06
7.327925278243428E+07	-2.017356283432103E+08	-6.026432789975613E+06
7.517212557194249E+07	-2.006808145795658E+08	-6.050146304966718E+06
7.705740460582775E+07	-1.996057870762745E+08	-6.073249827624962E+06
7.893485644609658E+07	-1.985105520136294E+08	-6.095737841831937E+06
8.080424329004650E+07	-1.973951149503700E+08	-6.117604738407195E+06
8.266532236797187E+07	-1.962594799554655E+08	-6.138844790356457E+06
8.451784295055310E+07	-1.951036466443018E+08	-6.159452029857442E+06
8.636154158895941E+07	-1.939276052867924E+08	-6.179420092323914E+06
8.819613242384081E+07	-1.927313268077520E+08	-6.198741985372588E+06
9.002128278830953E+07	-1.915147375666785E+08	-6.217409457122654E+06
9.183653971563004E+07	-1.902776431345171E+08	-6.235411599605754E+06
9.364100372271162E+07	-1.890193885527513E+08	-6.252733273119420E+06
9.542607669567047E+07	-1.877307291696515E+08	-6.270900695746049E+06
